proceso_id,epoca,packing,tunel,tipo_tunel,iteracion,mass_group,masa_ton,ocupabilidad,caudal_factor,anomalia_duracion,duracion_min,duracion_esperada_min,delta_duracion_pct,setpoint,T0,pct_transitorio,t_trans_min,overshoot_pct,tiempo_min,temperatura
2263,uva,packing_C,T07,largo,23,G1,2.341820602381881,0.4152705265083554,1.1816452117984306,False,251,240.0,4.583333333333333,-0.3612824049851585,24.55853658760787,60,150.6,9.745866568789303,0,24.440085258621572
2263,uva,packing_C,T07,largo,23,G1,2.341820602381881,0.4152705265083554,1.1816452117984306,False,251,240.0,4.583333333333333,-0.3612824049851585,24.55853658760787,60,150.6,9.745866568789303,1,24.08090060617249
2263,uva,packing_C,T07,largo,23,G1,2.341820602381881,0.4152705265083554,1.1816452117984306,False,251,240.0,4.583333333333333,-0.3612824049851585,24.55853658760787,60,150.6,9.745866568789303,2,23.758911480759373
2263,uva,packing_C,T07,largo,23,G1,2.341820602381881,0.4152705265083554,1.1816452117984306,False,251,240.0,4.583333333333333,-0.3612824049851585,24.55853658760787,60,150.6,9.745866568789303,3,23.25348089129849
2263,uva,packing_C,T07,largo,23,G1,2.341820602381881,0.4152705265083554,1.1816452117984306,False,251,240.0,4.583333333333333,-0.3612824049851585,24.55853658760787,60,150.6,9.745866568789303,4,22.918363416876836
2263,uva,packing_C,T07,largo,23,G1,2.341820602381881,0.4152705265083554,1.1816452117984306,False,251,240.0,4.583333333333333,-0.3612824049851585,24.55853658760787,60,150.6,9.745866568789303,5,22.459966086300806
2263,uva,packing_C,T07,largo,23,G1,2.341820602381881,0.4152705265083554,1.1816452117984306,False,251,240.0,4.583333333333333,-0.3612824049851585,24.55853658760787,60,150.6,9.745866568789303,6,21.7430573210319
2263,uva,packing_C,T07,largo,23,G1,2.341820602381881,0.4152705265083554,1.1816452117984306,False,251,240.0,4.583333333333333,-0.3612824049851585,24.55853658760787,60,150.6,9.745866568789303,7,21.264269596476836
2263,uva,packing_C,T07,largo,23,G1,2.341820602381881,0.4152705265083554,1.1816452117984306,False,251,240.0,4.583333333333333,-0.3612824049851585,24.55853658760787,60,150.6,9.745866568789303,8,21.006309944668327
2263,uva,packing_C,T07,largo,23,G1,2.341820602381881,0.4152705265083554,1.1816452117984306,False,251,240.0,4.583333333333333,-0.3612824049851585,24.55853658760787,60,150.6,9.745866568789303,9,20.460560965550346
2263,uva,packing_C,T07,largo,23,G1,2.341820602381881,0.4152705265083554,1.1816452117984306,False,251,240.0,4.583333333333333,-0.3612824049851585,24.55853658760787,60,150.6,9.745866568789303,10,19.790651276948836
2263,uva,packing_C,T07,largo,23,G1,2.341820602381881,0.4152705265083554,1.1816452117984306,False,251,240.0,4.583333333333333,-0.3612824049851585,24.55853658760787,60,150.6,9.745866568789303,11,19.1525563955244
2263,uva,packing_C,T07,largo,23,G1,2.341820602381881,0.4152705265083554,1.1816452117984306,False,251,240.0,4.583333333333333,-0.3612824049851585,24.55853658760787,60,150.6,9.745866568789303,12,18.79791157946746
2263,uva,packing_C,T07,largo,23,G1,2.341820602381881,0.4152705265083554,1.1816452117984306,False,251,240.0,4.583333333333333,-0.3612824049851585,24.55853658760787,60,150.6,9.745866568789303,13,18.22288481922542
2263,uva,packing_C,T07,largo,23,G1,2.341820602381881,0.4152705265083554,1.1816452117984306,False,251,240.0,4.583333333333333,-0.3612824049851585,24.55853658760787,60,150.6,9.745866568789303,14,17.317814315038827
2263,uva,packing_C,T07,largo,23,G1,2.341820602381881,0.4152705265083554,1.1816452117984306,False,251,240.0,4.583333333333333,-0.3612824049851585,24.55853658760787,60,150.6,9.745866568789303,15,17.182643292633703
2263,uva,packing_C,T07,largo,23,G1,2.341820602381881,0.4152705265083554,1.1816452117984306,False,251,240.0,4.583333333333333,-0.3612824049851585,24.55853658760787,60,150.6,9.745866568789303,16,16.551151166400214
2263,uva,packing_C,T07,largo,23,G1,2.341820602381881,0.4152705265083554,1.1816452117984306,False,251,240.0,4.583333333333333,-0.3612824049851585,24.55853658760787,60,150.6,9.745866568789303,17,15.929508685279252
2263,uva,packing_C,T07,largo,23,G1,2.341820602381881,0.4152705265083554,1.1816452117984306,False,251,240.0,4.583333333333333,-0.3612824049851585,24.55853658760787,60,150.6,9.745866568789303,18,15.269414930290695
2263,uva,packing_C,T07,largo,23,G1,2.341820602381881,0.4152705265083554,1.1816452117984306,False,251,240.0,4.583333333333333,-0.3612824049851585,24.55853658760787,60,150.6,9.745866568789303,19,14.95330765217662
2263,uva,packing_C,T07,largo,23,G1,2.341820602381881,0.4152705265083554,1.1816452117984306,False,251,240.0,4.583333333333333,-0.3612824049851585,24.55853658760787,60,150.6,9.745866568789303,20,14.301281360182486
2263,uva,packing_C,T07,largo,23,G1,2.341820602381881,0.4152705265083554,1.1816452117984306,False,251,240.0,4.583333333333333,-0.3612824049851585,24.55853658760787,60,150.6,9.745866568789303,21,13.606472856414563
2263,uva,packing_C,T07,largo,23,G1,2.341820602381881,0.4152705265083554,1.1816452117984306,False,251,240.0,4.583333333333333,-0.3612824049851585,24.55853658760787,60,150.6,9.745866568789303,22,13.17084537358183
2263,uva,packing_C,T07,largo,23,G1,2.341820602381881,0.4152705265083554,1.1816452117984306,False,251,240.0,4.583333333333333,-0.3612824049851585,24.55853658760787,60,150.6,9.745866568789303,23,12.607890388777315
2263,uva,packing_C,T07,largo,23,G1,2.341820602381881,0.4152705265083554,1.1816452117984306,False,251,240.0,4.583333333333333,-0.3612824049851585,24.55853658760787,60,150.6,9.745866568789303,24,11.97164807499532
2263,uva,packing_C,T07,largo,23,G1,2.341820602381881,0.4152705265083554,1.1816452117984306,False,251,240.0,4.583333333333333,-0.3612824049851585,24.55853658760787,60,150.6,9.745866568789303,25,11.436427722772217
2263,uva,packing_C,T07,largo,23,G1,2.341820602381881,0.4152705265083554,1.1816452117984306,False,251,240.0,4.583333333333333,-0.3612824049851585,24.55853658760787,60,150.6,9.745866568789303,26,10.49169902074426
2263,uva,packing_C,T07,largo,23,G1,2.341820602381881,0.4152705265083554,1.1816452117984306,False,251,240.0,4.583333333333333,-0.3612824049851585,24.55853658760787,60,150.6,9.745866568789303,27,10.195993536209565
2263,uva,packing_C,T07,largo,23,G1,2.341820602381881,0.4152705265083554,1.1816452117984306,False,251,240.0,4.583333333333333,-0.3612824049851585,24.55853658760787,60,150.6,9.745866568789303,28,9.709061564020269
2263,uva,packing_C,T07,largo,23,G1,2.341820602381881,0.4152705265083554,1.1816452117984306,False,251,240.0,4.583333333333333,-0.3612824049851585,24.55853658760787,60,150.6,9.745866568789303,29,8.936938876339571
2263,uva,packing_C,T07,largo,23,G1,2.341820602381881,0.4152705265083554,1.1816452117984306,False,251,240.0,4.583333333333333,-0.3612824049851585,24.55853658760787,60,150.6,9.745866568789303,30,8.40359308033004
2263,uva,packing_C,T07,largo,23,G1,2.341820602381881,0.4152705265083554,1.1816452117984306,False,251,240.0,4.583333333333333,-0.3612824049851585,24.55853658760787,60,150.6,9.745866568789303,31,8.027632263723351
2263,uva,packing_C,T07,largo,23,G1,2.341820602381881,0.4152705265083554,1.1816452117984306,False,251,240.0,4.583333333333333,-0.3612824049851585,24.55853658760787,60,150.6,9.745866568789303,32,7.512390803249222
2263,uva,packing_C,T07,largo,23,G1,2.341820602381881,0.4152705265083554,1.1816452117984306,False,251,240.0,4.583333333333333,-0.3612824049851585,24.55853658760787,60,150.6,9.745866568789303,33,7.016212218278827
2263,uva,packing_C,T07,largo,23,G1,2.341820602381881,0.4152705265083554,1.1816452117984306,False,251,240.0,4.583333333333333,-0.3612824049851585,24.55853658760787,60,150.6,9.745866568789303,34,6.548833405554001
2263,uva,packing_C,T07,largo,23,G1,2.341820602381881,0.4152705265083554,1.1816452117984306,False,251,240.0,4.583333333333333,-0.3612824049851585,24.55853658760787,60,150.6,9.745866568789303,35,5.992641466978613
2263,uva,packing_C,T07,largo,23,G1,2.341820602381881,0.4152705265083554,1.1816452117984306,False,251,240.0,4.583333333333333,-0.3612824049851585,24.55853658760787,60,150.6,9.745866568789303,36,5.288785286234181
2263,uva,packing_C,T07,largo,23,G1,2.341820602381881,0.4152705265083554,1.1816452117984306,False,251,240.0,4.583333333333333,-0.3612824049851585,24.55853658760787,60,150.6,9.745866568789303,37,5.033604050109085
2263,uva,packing_C,T07,largo,23,G1,2.341820602381881,0.4152705265083554,1.1816452117984306,False,251,240.0,4.583333333333333,-0.3612824049851585,24.55853658760787,60,150.6,9.745866568789303,38,4.214865724734905
2263,uva,packing_C,T07,largo,23,G1,2.341820602381881,0.4152705265083554,1.1816452117984306,False,251,240.0,4.583333333333333,-0.3612824049851585,24.55853658760787,60,150.6,9.745866568789303,39,3.8642887380659636
2263,uva,packing_C,T07,largo,23,G1,2.341820602381881,0.4152705265083554,1.1816452117984306,False,251,240.0,4.583333333333333,-0.3612824049851585,24.55853658760787,60,150.6,9.745866568789303,40,3.4604181333284325
2263,uva,packing_C,T07,largo,23,G1,2.341820602381881,0.4152705265083554,1.1816452117984306,False,251,240.0,4.583333333333333,-0.3612824049851585,24.55853658760787,60,150.6,9.745866568789303,41,2.9281816811268295
2263,uva,packing_C,T07,largo,23,G1,2.341820602381881,0.4152705265083554,1.1816452117984306,False,251,240.0,4.583333333333333,-0.3612824049851585,24.55853658760787,60,150.6,9.745866568789303,42,2.4189492792070597
2263,uva,packing_C,T07,largo,23,G1,2.341820602381881,0.4152705265083554,1.1816452117984306,False,251,240.0,4.583333333333333,-0.3612824049851585,24.55853658760787,60,150.6,9.745866568789303,43,1.9681007362475524
2263,uva,packing_C,T07,largo,23,G1,2.341820602381881,0.4152705265083554,1.1816452117984306,False,251,240.0,4.583333333333333,-0.3612824049851585,24.55853658760787,60,150.6,9.745866568789303,44,1.3390070642697793
2263,uva,packing_C,T07,largo,23,G1,2.341820602381881,0.4152705265083554,1.1816452117984306,False,251,240.0,4.583333333333333,-0.3612824049851585,24.55853658760787,60,150.6,9.745866568789303,45,1.0937562142947188
2263,uva,packing_C,T07,largo,23,G1,2.341820602381881,0.4152705265083554,1.1816452117984306,False,251,240.0,4.583333333333333,-0.3612824049851585,24.55853658760787,60,150.6,9.745866568789303,46,0.775047490933434
2263,uva,packing_C,T07,largo,23,G1,2.341820602381881,0.4152705265083554,1.1816452117984306,False,251,240.0,4.583333333333333,-0.3612824049851585,24.55853658760787,60,150.6,9.745866568789303,47,-0.05881848332024786
2263,uva,packing_C,T07,largo,23,G1,2.341820602381881,0.4152705265083554,1.1816452117984306,False,251,240.0,4.583333333333333,-0.3612824049851585,24.55853658760787,60,150.6,9.745866568789303,48,-0.06514932003940085
2263,uva,packing_C,T07,largo,23,G1,2.341820602381881,0.4152705265083554,1.1816452117984306,False,251,240.0,4.583333333333333,-0.3612824049851585,24.55853658760787,60,150.6,9.745866568789303,49,-0.6426063968086462
2263,uva,packing_C,T07,largo,23,G1,2.341820602381881,0.4152705265083554,1.1816452117984306,False,251,240.0,4.583333333333333,-0.3612824049851585,24.55853658760787,60,150.6,9.745866568789303,50,-0.8417033041359733
2263,uva,packing_C,T07,largo,23,G1,2.341820602381881,0.4152705265083554,1.1816452117984306,False,251,240.0,4.583333333333333,-0.3612824049851585,24.55853658760787,60,150.6,9.745866568789303,51,-1.1006621109606676
2263,uva,packing_C,T07,largo,23,G1,2.341820602381881,0.4152705265083554,1.1816452117984306,False,251,240.0,4.583333333333333,-0.3612824049851585,24.55853658760787,60,150.6,9.745866568789303,52,-1.6637175376838962
2263,uva,packing_C,T07,largo,23,G1,2.341820602381881,0.4152705265083554,1.1816452117984306,False,251,240.0,4.583333333333333,-0.3612824049851585,24.55853658760787,60,150.6,9.745866568789303,53,-2.3711907489617183
2263,uva,packing_C,T07,largo,23,G1,2.341820602381881,0.4152705265083554,1.1816452117984306,False,251,240.0,4.583333333333333,-0.3612824049851585,24.55853658760787,60,150.6,9.745866568789303,54,-2.2259878491495697
2263,uva,packing_C,T07,largo,23,G1,2.341820602381881,0.4152705265083554,1.1816452117984306,False,251,240.0,4.583333333333333,-0.3612824049851585,24.55853658760787,60,150.6,9.745866568789303,55,-2.5600351973614033
2263,uva,packing_C,T07,largo,23,G1,2.341820602381881,0.4152705265083554,1.1816452117984306,False,251,240.0,4.583333333333333,-0.3612824049851585,24.55853658760787,60,150.6,9.745866568789303,56,-3.1758352488586397
2263,uva,packing_C,T07,largo,23,G1,2.341820602381881,0.4152705265083554,1.1816452117984306,False,251,240.0,4.583333333333333,-0.3612824049851585,24.55853658760787,60,150.6,9.745866568789303,57,-3.3681453675438164
2263,uva,packing_C,T07,largo,23,G1,2.341820602381881,0.4152705265083554,1.1816452117984306,False,251,240.0,4.583333333333333,-0.3612824049851585,24.55853658760787,60,150.6,9.745866568789303,58,-3.6656600205536902
2263,uva,packing_C,T07,largo,23,G1,2.341820602381881,0.4152705265083554,1.1816452117984306,False,251,240.0,4.583333333333333,-0.3612824049851585,24.55853658760787,60,150.6,9.745866568789303,59,-4.0172990427710005
2263,uva,packing_C,T07,largo,23,G1,2.341820602381881,0.4152705265083554,1.1816452117984306,False,251,240.0,4.583333333333333,-0.3612824049851585,24.55853658760787,60,150.6,9.745866568789303,60,-4.551407705638542
2263,uva,packing_C,T07,largo,23,G1,2.341820602381881,0.4152705265083554,1.1816452117984306,False,251,240.0,4.583333333333333,-0.3612824049851585,24.55853658760787,60,150.6,9.745866568789303,61,-4.644837398594164
2263,uva,packing_C,T07,largo,23,G1,2.341820602381881,0.4152705265083554,1.1816452117984306,False,251,240.0,4.583333333333333,-0.3612824049851585,24.55853658760787,60,150.6,9.745866568789303,62,-4.937632932900918
2263,uva,packing_C,T07,largo,23,G1,2.341820602381881,0.4152705265083554,1.1816452117984306,False,251,240.0,4.583333333333333,-0.3612824049851585,24.55853658760787,60,150.6,9.745866568789303,63,-5.000064568141215
2263,uva,packing_C,T07,largo,23,G1,2.341820602381881,0.4152705265083554,1.1816452117984306,False,251,240.0,4.583333333333333,-0.3612824049851585,24.55853658760787,60,150.6,9.745866568789303,64,-5.29641101630216
2263,uva,packing_C,T07,largo,23,G1,2.341820602381881,0.4152705265083554,1.1816452117984306,False,251,240.0,4.583333333333333,-0.3612824049851585,24.55853658760787,60,150.6,9.745866568789303,65,-5.415655149303095
2263,uva,packing_C,T07,largo,23,G1,2.341820602381881,0.4152705265083554,1.1816452117984306,False,251,240.0,4.583333333333333,-0.3612824049851585,24.55853658760787,60,150.6,9.745866568789303,66,-5.618951011437517
2263,uva,packing_C,T07,largo,23,G1,2.341820602381881,0.4152705265083554,1.1816452117984306,False,251,240.0,4.583333333333333,-0.3612824049851585,24.55853658760787,60,150.6,9.745866568789303,67,-5.984881314734998
2263,uva,packing_C,T07,largo,23,G1,2.341820602381881,0.4152705265083554,1.1816452117984306,False,251,240.0,4.583333333333333,-0.3612824049851585,24.55853658760787,60,150.6,9.745866568789303,68,-6.06193719630427
2263,uva,packing_C,T07,largo,23,G1,2.341820602381881,0.4152705265083554,1.1816452117984306,False,251,240.0,4.583333333333333,-0.3612824049851585,24.55853658760787,60,150.6,9.745866568789303,69,-6.246694913919505
2263,uva,packing_C,T07,largo,23,G1,2.341820602381881,0.4152705265083554,1.1816452117984306,False,251,240.0,4.583333333333333,-0.3612824049851585,24.55853658760787,60,150.6,9.745866568789303,70,-6.247245214728631
2263,uva,packing_C,T07,largo,23,G1,2.341820602381881,0.4152705265083554,1.1816452117984306,False,251,240.0,4.583333333333333,-0.3612824049851585,24.55853658760787,60,150.6,9.745866568789303,71,-6.646988994768149
2263,uva,packing_C,T07,largo,23,G1,2.341820602381881,0.4152705265083554,1.1816452117984306,False,251,240.0,4.583333333333333,-0.3612824049851585,24.55853658760787,60,150.6,9.745866568789303,72,-6.5327070613429274
2263,uva,packing_C,T07,largo,23,G1,2.341820602381881,0.4152705265083554,1.1816452117984306,False,251,240.0,4.583333333333333,-0.3612824049851585,24.55853658760787,60,150.6,9.745866568789303,73,-6.801882217786404
2263,uva,packing_C,T07,largo,23,G1,2.341820602381881,0.4152705265083554,1.1816452117984306,False,251,240.0,4.583333333333333,-0.3612824049851585,24.55853658760787,60,150.6,9.745866568789303,74,-6.877974298211001
2263,uva,packing_C,T07,largo,23,G1,2.341820602381881,0.4152705265083554,1.1816452117984306,False,251,240.0,4.583333333333333,-0.3612824049851585,24.55853658760787,60,150.6,9.745866568789303,75,-6.963790160492205
2263,uva,packing_C,T07,largo,23,G1,2.341820602381881,0.4152705265083554,1.1816452117984306,False,251,240.0,4.583333333333333,-0.3612824049851585,24.55853658760787,60,150.6,9.745866568789303,76,-7.168086568279274
2263,uva,packing_C,T07,largo,23,G1,2.341820602381881,0.4152705265083554,1.1816452117984306,False,251,240.0,4.583333333333333,-0.3612824049851585,24.55853658760787,60,150.6,9.745866568789303,77,-7.4069660398137644
2263,uva,packing_C,T07,largo,23,G1,2.341820602381881,0.4152705265083554,1.1816452117984306,False,251,240.0,4.583333333333333,-0.3612824049851585,24.55853658760787,60,150.6,9.745866568789303,78,-7.438386897044144
2263,uva,packing_C,T07,largo,23,G1,2.341820602381881,0.4152705265083554,1.1816452117984306,False,251,240.0,4.583333333333333,-0.3612824049851585,24.55853658760787,60,150.6,9.745866568789303,79,-7.440189223374386
2263,uva,packing_C,T07,largo,23,G1,2.341820602381881,0.4152705265083554,1.1816452117984306,False,251,240.0,4.583333333333333,-0.3612824049851585,24.55853658760787,60,150.6,9.745866568789303,80,-7.582491390194402
2263,uva,packing_C,T07,largo,23,G1,2.341820602381881,0.4152705265083554,1.1816452117984306,False,251,240.0,4.583333333333333,-0.3612824049851585,24.55853658760787,60,150.6,9.745866568789303,81,-7.577358388723559
2263,uva,packing_C,T07,largo,23,G1,2.341820602381881,0.4152705265083554,1.1816452117984306,False,251,240.0,4.583333333333333,-0.3612824049851585,24.55853658760787,60,150.6,9.745866568789303,82,-7.575207282331
2263,uva,packing_C,T07,largo,23,G1,2.341820602381881,0.4152705265083554,1.1816452117984306,False,251,240.0,4.583333333333333,-0.3612824049851585,24.55853658760787,60,150.6,9.745866568789303,83,-7.444965690198564
2263,uva,packing_C,T07,largo,23,G1,2.341820602381881,0.4152705265083554,1.1816452117984306,False,251,240.0,4.583333333333333,-0.3612824049851585,24.55853658760787,60,150.6,9.745866568789303,84,-7.7061738786222795
2263,uva,packing_C,T07,largo,23,G1,2.341820602381881,0.4152705265083554,1.1816452117984306,False,251,240.0,4.583333333333333,-0.3612824049851585,24.55853658760787,60,150.6,9.745866568789303,85,-7.511425313908283
2263,uva,packing_C,T07,largo,23,G1,2.341820602381881,0.4152705265083554,1.1816452117984306,False,251,240.0,4.583333333333333,-0.3612824049851585,24.55853658760787,60,150.6,9.745866568789303,86,-7.41356199915949
2263,uva,packing_C,T07,largo,23,G1,2.341820602381881,0.4152705265083554,1.1816452117984306,False,251,240.0,4.583333333333333,-0.3612824049851585,24.55853658760787,60,150.6,9.745866568789303,87,-7.651984404072857
2263,uva,packing_C,T07,largo,23,G1,2.341820602381881,0.4152705265083554,1.1816452117984306,False,251,240.0,4.583333333333333,-0.3612824049851585,24.55853658760787,60,150.6,9.745866568789303,88,-7.663767453696694
2263,uva,packing_C,T07,largo,23,G1,2.341820602381881,0.4152705265083554,1.1816452117984306,False,251,240.0,4.583333333333333,-0.3612824049851585,24.55853658760787,60,150.6,9.745866568789303,89,-7.619564240832461
2263,uva,packing_C,T07,largo,23,G1,2.341820602381881,0.4152705265083554,1.1816452117984306,False,251,240.0,4.583333333333333,-0.3612824049851585,24.55853658760787,60,150.6,9.745866568789303,90,-7.538045540588144
2263,uva,packing_C,T07,largo,23,G1,2.341820602381881,0.4152705265083554,1.1816452117984306,False,251,240.0,4.583333333333333,-0.3612824049851585,24.55853658760787,60,150.6,9.745866568789303,91,-7.472677612364764
2263,uva,packing_C,T07,largo,23,G1,2.341820602381881,0.4152705265083554,1.1816452117984306,False,251,240.0,4.583333333333333,-0.3612824049851585,24.55853658760787,60,150.6,9.745866568789303,92,-7.6934511587405705
2263,uva,packing_C,T07,largo,23,G1,2.341820602381881,0.4152705265083554,1.1816452117984306,False,251,240.0,4.583333333333333,-0.3612824049851585,24.55853658760787,60,150.6,9.745866568789303,93,-7.4907096893029905
2263,uva,packing_C,T07,largo,23,G1,2.341820602381881,0.4152705265083554,1.1816452117984306,False,251,240.0,4.583333333333333,-0.3612824049851585,24.55853658760787,60,150.6,9.745866568789303,94,-7.350074140723321
2263,uva,packing_C,T07,largo,23,G1,2.341820602381881,0.4152705265083554,1.1816452117984306,False,251,240.0,4.583333333333333,-0.3612824049851585,24.55853658760787,60,150.6,9.745866568789303,95,-7.386695707538545
2263,uva,packing_C,T07,largo,23,G1,2.341820602381881,0.4152705265083554,1.1816452117984306,False,251,240.0,4.583333333333333,-0.3612824049851585,24.55853658760787,60,150.6,9.745866568789303,96,-7.357565265914602
2263,uva,packing_C,T07,largo,23,G1,2.341820602381881,0.4152705265083554,1.1816452117984306,False,251,240.0,4.583333333333333,-0.3612824049851585,24.55853658760787,60,150.6,9.745866568789303,97,-7.317472559105615
2263,uva,packing_C,T07,largo,23,G1,2.341820602381881,0.4152705265083554,1.1816452117984306,False,251,240.0,4.583333333333333,-0.3612824049851585,24.55853658760787,60,150.6,9.745866568789303,98,-7.207388373461411
2263,uva,packing_C,T07,largo,23,G1,2.341820602381881,0.4152705265083554,1.1816452117984306,False,251,240.0,4.583333333333333,-0.3612824049851585,24.55853658760787,60,150.6,9.745866568789303,99,-6.990652818052802
2263,uva,packing_C,T07,largo,23,G1,2.341820602381881,0.4152705265083554,1.1816452117984306,False,251,240.0,4.583333333333333,-0.3612824049851585,24.55853658760787,60,150.6,9.745866568789303,100,-6.986906549364978
2263,uva,packing_C,T07,largo,23,G1,2.341820602381881,0.4152705265083554,1.1816452117984306,False,251,240.0,4.583333333333333,-0.3612824049851585,24.55853658760787,60,150.6,9.745866568789303,101,-6.872652412929625
2263,uva,packing_C,T07,largo,23,G1,2.341820602381881,0.4152705265083554,1.1816452117984306,False,251,240.0,4.583333333333333,-0.3612824049851585,24.55853658760787,60,150.6,9.745866568789303,102,-7.044146267751513
2263,uva,packing_C,T07,largo,23,G1,2.341820602381881,0.4152705265083554,1.1816452117984306,False,251,240.0,4.583333333333333,-0.3612824049851585,24.55853658760787,60,150.6,9.745866568789303,103,-6.594631851429132
2263,uva,packing_C,T07,largo,23,G1,2.341820602381881,0.4152705265083554,1.1816452117984306,False,251,240.0,4.583333333333333,-0.3612824049851585,24.55853658760787,60,150.6,9.745866568789303,104,-6.716371669315491
2263,uva,packing_C,T07,largo,23,G1,2.341820602381881,0.4152705265083554,1.1816452117984306,False,251,240.0,4.583333333333333,-0.3612824049851585,24.55853658760787,60,150.6,9.745866568789303,105,-6.538345084555851
2263,uva,packing_C,T07,largo,23,G1,2.341820602381881,0.4152705265083554,1.1816452117984306,False,251,240.0,4.583333333333333,-0.3612824049851585,24.55853658760787,60,150.6,9.745866568789303,106,-6.418335769095356
2263,uva,packing_C,T07,largo,23,G1,2.341820602381881,0.4152705265083554,1.1816452117984306,False,251,240.0,4.583333333333333,-0.3612824049851585,24.55853658760787,60,150.6,9.745866568789303,107,-6.309977885648198
2263,uva,packing_C,T07,largo,23,G1,2.341820602381881,0.4152705265083554,1.1816452117984306,False,251,240.0,4.583333333333333,-0.3612824049851585,24.55853658760787,60,150.6,9.745866568789303,108,-6.09903281985535
2263,uva,packing_C,T07,largo,23,G1,2.341820602381881,0.4152705265083554,1.1816452117984306,False,251,240.0,4.583333333333333,-0.3612824049851585,24.55853658760787,60,150.6,9.745866568789303,109,-6.058104879103174
2263,uva,packing_C,T07,largo,23,G1,2.341820602381881,0.4152705265083554,1.1816452117984306,False,251,240.0,4.583333333333333,-0.3612824049851585,24.55853658760787,60,150.6,9.745866568789303,110,-6.004847552030658
2263,uva,packing_C,T07,largo,23,G1,2.341820602381881,0.4152705265083554,1.1816452117984306,False,251,240.0,4.583333333333333,-0.3612824049851585,24.55853658760787,60,150.6,9.745866568789303,111,-5.830745180148706
2263,uva,packing_C,T07,largo,23,G1,2.341820602381881,0.4152705265083554,1.1816452117984306,False,251,240.0,4.583333333333333,-0.3612824049851585,24.55853658760787,60,150.6,9.745866568789303,112,-5.645708305083388
2263,uva,packing_C,T07,largo,23,G1,2.341820602381881,0.4152705265083554,1.1816452117984306,False,251,240.0,4.583333333333333,-0.3612824049851585,24.55853658760787,60,150.6,9.745866568789303,113,-5.479315932429212
2263,uva,packing_C,T07,largo,23,G1,2.341820602381881,0.4152705265083554,1.1816452117984306,False,251,240.0,4.583333333333333,-0.3612824049851585,24.55853658760787,60,150.6,9.745866568789303,114,-5.490439376876816
2263,uva,packing_C,T07,largo,23,G1,2.341820602381881,0.4152705265083554,1.1816452117984306,False,251,240.0,4.583333333333333,-0.3612824049851585,24.55853658760787,60,150.6,9.745866568789303,115,-5.074804838789059
2263,uva,packing_C,T07,largo,23,G1,2.341820602381881,0.4152705265083554,1.1816452117984306,False,251,240.0,4.583333333333333,-0.3612824049851585,24.55853658760787,60,150.6,9.745866568789303,116,-5.086640104450905
2263,uva,packing_C,T07,largo,23,G1,2.341820602381881,0.4152705265083554,1.1816452117984306,False,251,240.0,4.583333333333333,-0.3612824049851585,24.55853658760787,60,150.6,9.745866568789303,117,-5.116655403913246
2263,uva,packing_C,T07,largo,23,G1,2.341820602381881,0.4152705265083554,1.1816452117984306,False,251,240.0,4.583333333333333,-0.3612824049851585,24.55853658760787,60,150.6,9.745866568789303,118,-5.029135264040968
2263,uva,packing_C,T07,largo,23,G1,2.341820602381881,0.4152705265083554,1.1816452117984306,False,251,240.0,4.583333333333333,-0.3612824049851585,24.55853658760787,60,150.6,9.745866568789303,119,-4.511669534524848
2263,uva,packing_C,T07,largo,23,G1,2.341820602381881,0.4152705265083554,1.1816452117984306,False,251,240.0,4.583333333333333,-0.3612824049851585,24.55853658760787,60,150.6,9.745866568789303,120,-4.5096900189892
2263,uva,packing_C,T07,largo,23,G1,2.341820602381881,0.4152705265083554,1.1816452117984306,False,251,240.0,4.583333333333333,-0.3612824049851585,24.55853658760787,60,150.6,9.745866568789303,121,-4.407383773546739
2263,uva,packing_C,T07,largo,23,G1,2.341820602381881,0.4152705265083554,1.1816452117984306,False,251,240.0,4.583333333333333,-0.3612824049851585,24.55853658760787,60,150.6,9.745866568789303,122,-4.188672921717745
2263,uva,packing_C,T07,largo,23,G1,2.341820602381881,0.4152705265083554,1.1816452117984306,False,251,240.0,4.583333333333333,-0.3612824049851585,24.55853658760787,60,150.6,9.745866568789303,123,-3.875333248138133
2263,uva,packing_C,T07,largo,23,G1,2.341820602381881,0.4152705265083554,1.1816452117984306,False,251,240.0,4.583333333333333,-0.3612824049851585,24.55853658760787,60,150.6,9.745866568789303,124,-3.923414036522362
2263,uva,packing_C,T07,largo,23,G1,2.341820602381881,0.4152705265083554,1.1816452117984306,False,251,240.0,4.583333333333333,-0.3612824049851585,24.55853658760787,60,150.6,9.745866568789303,125,-3.7587853241958844
2263,uva,packing_C,T07,largo,23,G1,2.341820602381881,0.4152705265083554,1.1816452117984306,False,251,240.0,4.583333333333333,-0.3612824049851585,24.55853658760787,60,150.6,9.745866568789303,126,-3.7858583819010163
2263,uva,packing_C,T07,largo,23,G1,2.341820602381881,0.4152705265083554,1.1816452117984306,False,251,240.0,4.583333333333333,-0.3612824049851585,24.55853658760787,60,150.6,9.745866568789303,127,-3.5126977485496234
2263,uva,packing_C,T07,largo,23,G1,2.341820602381881,0.4152705265083554,1.1816452117984306,False,251,240.0,4.583333333333333,-0.3612824049851585,24.55853658760787,60,150.6,9.745866568789303,128,-3.419604482441545
2263,uva,packing_C,T07,largo,23,G1,2.341820602381881,0.4152705265083554,1.1816452117984306,False,251,240.0,4.583333333333333,-0.3612824049851585,24.55853658760787,60,150.6,9.745866568789303,129,-3.351311385518716
2263,uva,packing_C,T07,largo,23,G1,2.341820602381881,0.4152705265083554,1.1816452117984306,False,251,240.0,4.583333333333333,-0.3612824049851585,24.55853658760787,60,150.6,9.745866568789303,130,-2.8579852557998553
2263,uva,packing_C,T07,largo,23,G1,2.341820602381881,0.4152705265083554,1.1816452117984306,False,251,240.0,4.583333333333333,-0.3612824049851585,24.55853658760787,60,150.6,9.745866568789303,131,-2.8109021447916707
2263,uva,packing_C,T07,largo,23,G1,2.341820602381881,0.4152705265083554,1.1816452117984306,False,251,240.0,4.583333333333333,-0.3612824049851585,24.55853658760787,60,150.6,9.745866568789303,132,-2.7842099182456432
2263,uva,packing_C,T07,largo,23,G1,2.341820602381881,0.4152705265083554,1.1816452117984306,False,251,240.0,4.583333333333333,-0.3612824049851585,24.55853658760787,60,150.6,9.745866568789303,133,-2.7375751910249058
2263,uva,packing_C,T07,largo,23,G1,2.341820602381881,0.4152705265083554,1.1816452117984306,False,251,240.0,4.583333333333333,-0.3612824049851585,24.55853658760787,60,150.6,9.745866568789303,134,-2.5641480859176258
2263,uva,packing_C,T07,largo,23,G1,2.341820602381881,0.4152705265083554,1.1816452117984306,False,251,240.0,4.583333333333333,-0.3612824049851585,24.55853658760787,60,150.6,9.745866568789303,135,-2.302426157725225
2263,uva,packing_C,T07,largo,23,G1,2.341820602381881,0.4152705265083554,1.1816452117984306,False,251,240.0,4.583333333333333,-0.3612824049851585,24.55853658760787,60,150.6,9.745866568789303,136,-2.337985146547831
2263,uva,packing_C,T07,largo,23,G1,2.341820602381881,0.4152705265083554,1.1816452117984306,False,251,240.0,4.583333333333333,-0.3612824049851585,24.55853658760787,60,150.6,9.745866568789303,137,-2.1150510388070147
2263,uva,packing_C,T07,largo,23,G1,2.341820602381881,0.4152705265083554,1.1816452117984306,False,251,240.0,4.583333333333333,-0.3612824049851585,24.55853658760787,60,150.6,9.745866568789303,138,-2.0796763976343033
2263,uva,packing_C,T07,largo,23,G1,2.341820602381881,0.4152705265083554,1.1816452117984306,False,251,240.0,4.583333333333333,-0.3612824049851585,24.55853658760787,60,150.6,9.745866568789303,139,-1.8785490244150744
2263,uva,packing_C,T07,largo,23,G1,2.341820602381881,0.4152705265083554,1.1816452117984306,False,251,240.0,4.583333333333333,-0.3612824049851585,24.55853658760787,60,150.6,9.745866568789303,140,-1.7845922214140737
2263,uva,packing_C,T07,largo,23,G1,2.341820602381881,0.4152705265083554,1.1816452117984306,False,251,240.0,4.583333333333333,-0.3612824049851585,24.55853658760787,60,150.6,9.745866568789303,141,-1.4079275376125366
2263,uva,packing_C,T07,largo,23,G1,2.341820602381881,0.4152705265083554,1.1816452117984306,False,251,240.0,4.583333333333333,-0.3612824049851585,24.55853658760787,60,150.6,9.745866568789303,142,-1.5297983503263153
2263,uva,packing_C,T07,largo,23,G1,2.341820602381881,0.4152705265083554,1.1816452117984306,False,251,240.0,4.583333333333333,-0.3612824049851585,24.55853658760787,60,150.6,9.745866568789303,143,-1.239850834407647
2263,uva,packing_C,T07,largo,23,G1,2.341820602381881,0.4152705265083554,1.1816452117984306,False,251,240.0,4.583333333333333,-0.3612824049851585,24.55853658760787,60,150.6,9.745866568789303,144,-1.3319067413113468
2263,uva,packing_C,T07,largo,23,G1,2.341820602381881,0.4152705265083554,1.1816452117984306,False,251,240.0,4.583333333333333,-0.3612824049851585,24.55853658760787,60,150.6,9.745866568789303,145,-1.150298585081628
2263,uva,packing_C,T07,largo,23,G1,2.341820602381881,0.4152705265083554,1.1816452117984306,False,251,240.0,4.583333333333333,-0.3612824049851585,24.55853658760787,60,150.6,9.745866568789303,146,-1.0403959697284355
2263,uva,packing_C,T07,largo,23,G1,2.341820602381881,0.4152705265083554,1.1816452117984306,False,251,240.0,4.583333333333333,-0.3612824049851585,24.55853658760787,60,150.6,9.745866568789303,147,-0.9078811719453588
2263,uva,packing_C,T07,largo,23,G1,2.341820602381881,0.4152705265083554,1.1816452117984306,False,251,240.0,4.583333333333333,-0.3612824049851585,24.55853658760787,60,150.6,9.745866568789303,148,-0.7020796894854114
2263,uva,packing_C,T07,largo,23,G1,2.341820602381881,0.4152705265083554,1.1816452117984306,False,251,240.0,4.583333333333333,-0.3612824049851585,24.55853658760787,60,150.6,9.745866568789303,149,-0.49312898362858537
2263,uva,packing_C,T07,largo,23,G1,2.341820602381881,0.4152705265083554,1.1816452117984306,False,251,240.0,4.583333333333333,-0.3612824049851585,24.55853658760787,60,150.6,9.745866568789303,150,-0.5513138070494263
2263,uva,packing_C,T07,largo,23,G1,2.341820602381881,0.4152705265083554,1.1816452117984306,False,251,240.0,4.583333333333333,-0.3612824049851585,24.55853658760787,60,150.6,9.745866568789303,151,-0.17915261337449545
2263,uva,packing_C,T07,largo,23,G1,2.341820602381881,0.4152705265083554,1.1816452117984306,False,251,240.0,4.583333333333333,-0.3612824049851585,24.55853658760787,60,150.6,9.745866568789303,152,0.05081511539470879
2263,uva,packing_C,T07,largo,23,G1,2.341820602381881,0.4152705265083554,1.1816452117984306,False,251,240.0,4.583333333333333,-0.3612824049851585,24.55853658760787,60,150.6,9.745866568789303,153,-0.172687040367503
2263,uva,packing_C,T07,largo,23,G1,2.341820602381881,0.4152705265083554,1.1816452117984306,False,251,240.0,4.583333333333333,-0.3612824049851585,24.55853658760787,60,150.6,9.745866568789303,154,0.017427279615439724
2263,uva,packing_C,T07,largo,23,G1,2.341820602381881,0.4152705265083554,1.1816452117984306,False,251,240.0,4.583333333333333,-0.3612824049851585,24.55853658760787,60,150.6,9.745866568789303,155,0.07263125430780427
2263,uva,packing_C,T07,largo,23,G1,2.341820602381881,0.4152705265083554,1.1816452117984306,False,251,240.0,4.583333333333333,-0.3612824049851585,24.55853658760787,60,150.6,9.745866568789303,156,-0.004810515768368162
2263,uva,packing_C,T07,largo,23,G1,2.341820602381881,0.4152705265083554,1.1816452117984306,False,251,240.0,4.583333333333333,-0.3612824049851585,24.55853658760787,60,150.6,9.745866568789303,157,0.07698205861595747
2263,uva,packing_C,T07,largo,23,G1,2.341820602381881,0.4152705265083554,1.1816452117984306,False,251,240.0,4.583333333333333,-0.3612824049851585,24.55853658760787,60,150.6,9.745866568789303,158,0.09059272546245153
2263,uva,packing_C,T07,largo,23,G1,2.341820602381881,0.4152705265083554,1.1816452117984306,False,251,240.0,4.583333333333333,-0.3612824049851585,24.55853658760787,60,150.6,9.745866568789303,159,0.04477557861526166
2263,uva,packing_C,T07,largo,23,G1,2.341820602381881,0.4152705265083554,1.1816452117984306,False,251,240.0,4.583333333333333,-0.3612824049851585,24.55853658760787,60,150.6,9.745866568789303,160,0.04876032302419715
2263,uva,packing_C,T07,largo,23,G1,2.341820602381881,0.4152705265083554,1.1816452117984306,False,251,240.0,4.583333333333333,-0.3612824049851585,24.55853658760787,60,150.6,9.745866568789303,161,0.04467127092738711
2263,uva,packing_C,T07,largo,23,G1,2.341820602381881,0.4152705265083554,1.1816452117984306,False,251,240.0,4.583333333333333,-0.3612824049851585,24.55853658760787,60,150.6,9.745866568789303,162,-0.11088632554287253
2263,uva,packing_C,T07,largo,23,G1,2.341820602381881,0.4152705265083554,1.1816452117984306,False,251,240.0,4.583333333333333,-0.3612824049851585,24.55853658760787,60,150.6,9.745866568789303,163,-0.06890520187297489
2263,uva,packing_C,T07,largo,23,G1,2.341820602381881,0.4152705265083554,1.1816452117984306,False,251,240.0,4.583333333333333,-0.3612824049851585,24.55853658760787,60,150.6,9.745866568789303,164,-0.13022227719343762
2263,uva,packing_C,T07,largo,23,G1,2.341820602381881,0.4152705265083554,1.1816452117984306,False,251,240.0,4.583333333333333,-0.3612824049851585,24.55853658760787,60,150.6,9.745866568789303,165,-0.47285341383990986
2263,uva,packing_C,T07,largo,23,G1,2.341820602381881,0.4152705265083554,1.1816452117984306,False,251,240.0,4.583333333333333,-0.3612824049851585,24.55853658760787,60,150.6,9.745866568789303,166,-0.3279886841352223
2263,uva,packing_C,T07,largo,23,G1,2.341820602381881,0.4152705265083554,1.1816452117984306,False,251,240.0,4.583333333333333,-0.3612824049851585,24.55853658760787,60,150.6,9.745866568789303,167,-0.424153469364321
2263,uva,packing_C,T07,largo,23,G1,2.341820602381881,0.4152705265083554,1.1816452117984306,False,251,240.0,4.583333333333333,-0.3612824049851585,24.55853658760787,60,150.6,9.745866568789303,168,-0.6740026943547752
2263,uva,packing_C,T07,largo,23,G1,2.341820602381881,0.4152705265083554,1.1816452117984306,False,251,240.0,4.583333333333333,-0.3612824049851585,24.55853658760787,60,150.6,9.745866568789303,169,-0.6082380847381311
2263,uva,packing_C,T07,largo,23,G1,2.341820602381881,0.4152705265083554,1.1816452117984306,False,251,240.0,4.583333333333333,-0.3612824049851585,24.55853658760787,60,150.6,9.745866568789303,170,-0.6918471124416021
2263,uva,packing_C,T07,largo,23,G1,2.341820602381881,0.4152705265083554,1.1816452117984306,False,251,240.0,4.583333333333333,-0.3612824049851585,24.55853658760787,60,150.6,9.745866568789303,171,-1.000081269200327
2263,uva,packing_C,T07,largo,23,G1,2.341820602381881,0.4152705265083554,1.1816452117984306,False,251,240.0,4.583333333333333,-0.3612824049851585,24.55853658760787,60,150.6,9.745866568789303,172,-0.9090893638368014
2263,uva,packing_C,T07,largo,23,G1,2.341820602381881,0.4152705265083554,1.1816452117984306,False,251,240.0,4.583333333333333,-0.3612824049851585,24.55853658760787,60,150.6,9.745866568789303,173,-0.8655018362997192
2263,uva,packing_C,T07,largo,23,G1,2.341820602381881,0.4152705265083554,1.1816452117984306,False,251,240.0,4.583333333333333,-0.3612824049851585,24.55853658760787,60,150.6,9.745866568789303,174,-0.9946281846040984
2263,uva,packing_C,T07,largo,23,G1,2.341820602381881,0.4152705265083554,1.1816452117984306,False,251,240.0,4.583333333333333,-0.3612824049851585,24.55853658760787,60,150.6,9.745866568789303,175,-0.7311652877586405
2263,uva,packing_C,T07,largo,23,G1,2.341820602381881,0.4152705265083554,1.1816452117984306,False,251,240.0,4.583333333333333,-0.3612824049851585,24.55853658760787,60,150.6,9.745866568789303,176,-0.805965302474088
2263,uva,packing_C,T07,largo,23,G1,2.341820602381881,0.4152705265083554,1.1816452117984306,False,251,240.0,4.583333333333333,-0.3612824049851585,24.55853658760787,60,150.6,9.745866568789303,177,-0.9014748976584157
2263,uva,packing_C,T07,largo,23,G1,2.341820602381881,0.4152705265083554,1.1816452117984306,False,251,240.0,4.583333333333333,-0.3612824049851585,24.55853658760787,60,150.6,9.745866568789303,178,-0.48648704346296107
2263,uva,packing_C,T07,largo,23,G1,2.341820602381881,0.4152705265083554,1.1816452117984306,False,251,240.0,4.583333333333333,-0.3612824049851585,24.55853658760787,60,150.6,9.745866568789303,179,-0.616163729324019
2263,uva,packing_C,T07,largo,23,G1,2.341820602381881,0.4152705265083554,1.1816452117984306,False,251,240.0,4.583333333333333,-0.3612824049851585,24.55853658760787,60,150.6,9.745866568789303,180,-0.3543936632539145
2263,uva,packing_C,T07,largo,23,G1,2.341820602381881,0.4152705265083554,1.1816452117984306,False,251,240.0,4.583333333333333,-0.3612824049851585,24.55853658760787,60,150.6,9.745866568789303,181,-0.23516451790897927
2263,uva,packing_C,T07,largo,23,G1,2.341820602381881,0.4152705265083554,1.1816452117984306,False,251,240.0,4.583333333333333,-0.3612824049851585,24.55853658760787,60,150.6,9.745866568789303,182,-0.2737685288241881
2263,uva,packing_C,T07,largo,23,G1,2.341820602381881,0.4152705265083554,1.1816452117984306,False,251,240.0,4.583333333333333,-0.3612824049851585,24.55853658760787,60,150.6,9.745866568789303,183,-0.14366163018466555
2263,uva,packing_C,T07,largo,23,G1,2.341820602381881,0.4152705265083554,1.1816452117984306,False,251,240.0,4.583333333333333,-0.3612824049851585,24.55853658760787,60,150.6,9.745866568789303,184,0.10924880392220497
2263,uva,packing_C,T07,largo,23,G1,2.341820602381881,0.4152705265083554,1.1816452117984306,False,251,240.0,4.583333333333333,-0.3612824049851585,24.55853658760787,60,150.6,9.745866568789303,185,0.13984436511787268
2263,uva,packing_C,T07,largo,23,G1,2.341820602381881,0.4152705265083554,1.1816452117984306,False,251,240.0,4.583333333333333,-0.3612824049851585,24.55853658760787,60,150.6,9.745866568789303,186,0.17528054331086412
2263,uva,packing_C,T07,largo,23,G1,2.341820602381881,0.4152705265083554,1.1816452117984306,False,251,240.0,4.583333333333333,-0.3612824049851585,24.55853658760787,60,150.6,9.745866568789303,187,0.12107863020368988
2263,uva,packing_C,T07,largo,23,G1,2.341820602381881,0.4152705265083554,1.1816452117984306,False,251,240.0,4.583333333333333,-0.3612824049851585,24.55853658760787,60,150.6,9.745866568789303,188,0.29958101550870936
2263,uva,packing_C,T07,largo,23,G1,2.341820602381881,0.4152705265083554,1.1816452117984306,False,251,240.0,4.583333333333333,-0.3612824049851585,24.55853658760787,60,150.6,9.745866568789303,189,0.1979055356737837
2263,uva,packing_C,T07,largo,23,G1,2.341820602381881,0.4152705265083554,1.1816452117984306,False,251,240.0,4.583333333333333,-0.3612824049851585,24.55853658760787,60,150.6,9.745866568789303,190,0.2827386693235452
2263,uva,packing_C,T07,largo,23,G1,2.341820602381881,0.4152705265083554,1.1816452117984306,False,251,240.0,4.583333333333333,-0.3612824049851585,24.55853658760787,60,150.6,9.745866568789303,191,0.1341521838353381
2263,uva,packing_C,T07,largo,23,G1,2.341820602381881,0.4152705265083554,1.1816452117984306,False,251,240.0,4.583333333333333,-0.3612824049851585,24.55853658760787,60,150.6,9.745866568789303,192,-0.04488351601084009
2263,uva,packing_C,T07,largo,23,G1,2.341820602381881,0.4152705265083554,1.1816452117984306,False,251,240.0,4.583333333333333,-0.3612824049851585,24.55853658760787,60,150.6,9.745866568789303,193,-0.056666347872957365
2263,uva,packing_C,T07,largo,23,G1,2.341820602381881,0.4152705265083554,1.1816452117984306,False,251,240.0,4.583333333333333,-0.3612824049851585,24.55853658760787,60,150.6,9.745866568789303,194,-0.4663948262827885
2263,uva,packing_C,T07,largo,23,G1,2.341820602381881,0.4152705265083554,1.1816452117984306,False,251,240.0,4.583333333333333,-0.3612824049851585,24.55853658760787,60,150.6,9.745866568789303,195,-0.4059115790350468
2263,uva,packing_C,T07,largo,23,G1,2.341820602381881,0.4152705265083554,1.1816452117984306,False,251,240.0,4.583333333333333,-0.3612824049851585,24.55853658760787,60,150.6,9.745866568789303,196,-0.4326387285927671
2263,uva,packing_C,T07,largo,23,G1,2.341820602381881,0.4152705265083554,1.1816452117984306,False,251,240.0,4.583333333333333,-0.3612824049851585,24.55853658760787,60,150.6,9.745866568789303,197,-0.5931131963403106
2263,uva,packing_C,T07,largo,23,G1,2.341820602381881,0.4152705265083554,1.1816452117984306,False,251,240.0,4.583333333333333,-0.3612824049851585,24.55853658760787,60,150.6,9.745866568789303,198,-0.5103856528962734
2263,uva,packing_C,T07,largo,23,G1,2.341820602381881,0.4152705265083554,1.1816452117984306,False,251,240.0,4.583333333333333,-0.3612824049851585,24.55853658760787,60,150.6,9.745866568789303,199,-0.7472934637667381
2263,uva,packing_C,T07,largo,23,G1,2.341820602381881,0.4152705265083554,1.1816452117984306,False,251,240.0,4.583333333333333,-0.3612824049851585,24.55853658760787,60,150.6,9.745866568789303,200,-0.7502252732848345
2263,uva,packing_C,T07,largo,23,G1,2.341820602381881,0.4152705265083554,1.1816452117984306,False,251,240.0,4.583333333333333,-0.3612824049851585,24.55853658760787,60,150.6,9.745866568789303,201,-0.9354664019549941
2263,uva,packing_C,T07,largo,23,G1,2.341820602381881,0.4152705265083554,1.1816452117984306,False,251,240.0,4.583333333333333,-0.3612824049851585,24.55853658760787,60,150.6,9.745866568789303,202,-0.8828955247734571
2263,uva,packing_C,T07,largo,23,G1,2.341820602381881,0.4152705265083554,1.1816452117984306,False,251,240.0,4.583333333333333,-0.3612824049851585,24.55853658760787,60,150.6,9.745866568789303,203,-0.9733482174024445
2263,uva,packing_C,T07,largo,23,G1,2.341820602381881,0.4152705265083554,1.1816452117984306,False,251,240.0,4.583333333333333,-0.3612824049851585,24.55853658760787,60,150.6,9.745866568789303,204,-0.8560242496885235
2263,uva,packing_C,T07,largo,23,G1,2.341820602381881,0.4152705265083554,1.1816452117984306,False,251,240.0,4.583333333333333,-0.3612824049851585,24.55853658760787,60,150.6,9.745866568789303,205,-0.8207473028074462
2263,uva,packing_C,T07,largo,23,G1,2.341820602381881,0.4152705265083554,1.1816452117984306,False,251,240.0,4.583333333333333,-0.3612824049851585,24.55853658760787,60,150.6,9.745866568789303,206,-0.7687727886945321
2263,uva,packing_C,T07,largo,23,G1,2.341820602381881,0.4152705265083554,1.1816452117984306,False,251,240.0,4.583333333333333,-0.3612824049851585,24.55853658760787,60,150.6,9.745866568789303,207,-0.7339474829413991
2263,uva,packing_C,T07,largo,23,G1,2.341820602381881,0.4152705265083554,1.1816452117984306,False,251,240.0,4.583333333333333,-0.3612824049851585,24.55853658760787,60,150.6,9.745866568789303,208,-0.460408262089517
2263,uva,packing_C,T07,largo,23,G1,2.341820602381881,0.4152705265083554,1.1816452117984306,False,251,240.0,4.583333333333333,-0.3612824049851585,24.55853658760787,60,150.6,9.745866568789303,209,-0.44291700565843733
2263,uva,packing_C,T07,largo,23,G1,2.341820602381881,0.4152705265083554,1.1816452117984306,False,251,240.0,4.583333333333333,-0.3612824049851585,24.55853658760787,60,150.6,9.745866568789303,210,-0.5548799397966013
2263,uva,packing_C,T07,largo,23,G1,2.341820602381881,0.4152705265083554,1.1816452117984306,False,251,240.0,4.583333333333333,-0.3612824049851585,24.55853658760787,60,150.6,9.745866568789303,211,-0.15078852601819942
2263,uva,packing_C,T07,largo,23,G1,2.341820602381881,0.4152705265083554,1.1816452117984306,False,251,240.0,4.583333333333333,-0.3612824049851585,24.55853658760787,60,150.6,9.745866568789303,212,-0.03787135165442895
2263,uva,packing_C,T07,largo,23,G1,2.341820602381881,0.4152705265083554,1.1816452117984306,False,251,240.0,4.583333333333333,-0.3612824049851585,24.55853658760787,60,150.6,9.745866568789303,213,-0.051679640670874855
2263,uva,packing_C,T07,largo,23,G1,2.341820602381881,0.4152705265083554,1.1816452117984306,False,251,240.0,4.583333333333333,-0.3612824049851585,24.55853658760787,60,150.6,9.745866568789303,214,-0.09263155128327456
2263,uva,packing_C,T07,largo,23,G1,2.341820602381881,0.4152705265083554,1.1816452117984306,False,251,240.0,4.583333333333333,-0.3612824049851585,24.55853658760787,60,150.6,9.745866568789303,215,0.16119803354129086
2263,uva,packing_C,T07,largo,23,G1,2.341820602381881,0.4152705265083554,1.1816452117984306,False,251,240.0,4.583333333333333,-0.3612824049851585,24.55853658760787,60,150.6,9.745866568789303,216,0.034131711379326315
2263,uva,packing_C,T07,largo,23,G1,2.341820602381881,0.4152705265083554,1.1816452117984306,False,251,240.0,4.583333333333333,-0.3612824049851585,24.55853658760787,60,150.6,9.745866568789303,217,0.2276597085625478
2263,uva,packing_C,T07,largo,23,G1,2.341820602381881,0.4152705265083554,1.1816452117984306,False,251,240.0,4.583333333333333,-0.3612824049851585,24.55853658760787,60,150.6,9.745866568789303,218,0.1675995585462609
2263,uva,packing_C,T07,largo,23,G1,2.341820602381881,0.4152705265083554,1.1816452117984306,False,251,240.0,4.583333333333333,-0.3612824049851585,24.55853658760787,60,150.6,9.745866568789303,219,0.17823535829579884
2263,uva,packing_C,T07,largo,23,G1,2.341820602381881,0.4152705265083554,1.1816452117984306,False,251,240.0,4.583333333333333,-0.3612824049851585,24.55853658760787,60,150.6,9.745866568789303,220,0.12820758760896095
2263,uva,packing_C,T07,largo,23,G1,2.341820602381881,0.4152705265083554,1.1816452117984306,False,251,240.0,4.583333333333333,-0.3612824049851585,24.55853658760787,60,150.6,9.745866568789303,221,0.011231919077901794
2263,uva,packing_C,T07,largo,23,G1,2.341820602381881,0.4152705265083554,1.1816452117984306,False,251,240.0,4.583333333333333,-0.3612824049851585,24.55853658760787,60,150.6,9.745866568789303,222,-0.0073445097311484395
2263,uva,packing_C,T07,largo,23,G1,2.341820602381881,0.4152705265083554,1.1816452117984306,False,251,240.0,4.583333333333333,-0.3612824049851585,24.55853658760787,60,150.6,9.745866568789303,223,-0.15435352691265322
2263,uva,packing_C,T07,largo,23,G1,2.341820602381881,0.4152705265083554,1.1816452117984306,False,251,240.0,4.583333333333333,-0.3612824049851585,24.55853658760787,60,150.6,9.745866568789303,224,-0.38457536163848793
2263,uva,packing_C,T07,largo,23,G1,2.341820602381881,0.4152705265083554,1.1816452117984306,False,251,240.0,4.583333333333333,-0.3612824049851585,24.55853658760787,60,150.6,9.745866568789303,225,-0.39523143352576257
2263,uva,packing_C,T07,largo,23,G1,2.341820602381881,0.4152705265083554,1.1816452117984306,False,251,240.0,4.583333333333333,-0.3612824049851585,24.55853658760787,60,150.6,9.745866568789303,226,-0.46986436621194166
2263,uva,packing_C,T07,largo,23,G1,2.341820602381881,0.4152705265083554,1.1816452117984306,False,251,240.0,4.583333333333333,-0.3612824049851585,24.55853658760787,60,150.6,9.745866568789303,227,-0.6994437020700699
2263,uva,packing_C,T07,largo,23,G1,2.341820602381881,0.4152705265083554,1.1816452117984306,False,251,240.0,4.583333333333333,-0.3612824049851585,24.55853658760787,60,150.6,9.745866568789303,228,-0.8218013352760746
2263,uva,packing_C,T07,largo,23,G1,2.341820602381881,0.4152705265083554,1.1816452117984306,False,251,240.0,4.583333333333333,-0.3612824049851585,24.55853658760787,60,150.6,9.745866568789303,229,-1.0002015322625415
2263,uva,packing_C,T07,largo,23,G1,2.341820602381881,0.4152705265083554,1.1816452117984306,False,251,240.0,4.583333333333333,-0.3612824049851585,24.55853658760787,60,150.6,9.745866568789303,230,-0.8932565268235486
2263,uva,packing_C,T07,largo,23,G1,2.341820602381881,0.4152705265083554,1.1816452117984306,False,251,240.0,4.583333333333333,-0.3612824049851585,24.55853658760787,60,150.6,9.745866568789303,231,-0.9448708145307464
2263,uva,packing_C,T07,largo,23,G1,2.341820602381881,0.4152705265083554,1.1816452117984306,False,251,240.0,4.583333333333333,-0.3612824049851585,24.55853658760787,60,150.6,9.745866568789303,232,-0.840229336567849
2263,uva,packing_C,T07,largo,23,G1,2.341820602381881,0.4152705265083554,1.1816452117984306,False,251,240.0,4.583333333333333,-0.3612824049851585,24.55853658760787,60,150.6,9.745866568789303,233,-0.7768262057252641
2263,uva,packing_C,T07,largo,23,G1,2.341820602381881,0.4152705265083554,1.1816452117984306,False,251,240.0,4.583333333333333,-0.3612824049851585,24.55853658760787,60,150.6,9.745866568789303,234,-0.8216184301358561
2263,uva,packing_C,T07,largo,23,G1,2.341820602381881,0.4152705265083554,1.1816452117984306,False,251,240.0,4.583333333333333,-0.3612824049851585,24.55853658760787,60,150.6,9.745866568789303,235,-0.8821285731602534
2263,uva,packing_C,T07,largo,23,G1,2.341820602381881,0.4152705265083554,1.1816452117984306,False,251,240.0,4.583333333333333,-0.3612824049851585,24.55853658760787,60,150.6,9.745866568789303,236,-0.855722651145706
2263,uva,packing_C,T07,largo,23,G1,2.341820602381881,0.4152705265083554,1.1816452117984306,False,251,240.0,4.583333333333333,-0.3612824049851585,24.55853658760787,60,150.6,9.745866568789303,237,-0.5638014499210096
2263,uva,packing_C,T07,largo,23,G1,2.341820602381881,0.4152705265083554,1.1816452117984306,False,251,240.0,4.583333333333333,-0.3612824049851585,24.55853658760787,60,150.6,9.745866568789303,238,-0.558263954152334
2263,uva,packing_C,T07,largo,23,G1,2.341820602381881,0.4152705265083554,1.1816452117984306,False,251,240.0,4.583333333333333,-0.3612824049851585,24.55853658760787,60,150.6,9.745866568789303,239,-0.37595059372309675
2263,uva,packing_C,T07,largo,23,G1,2.341820602381881,0.4152705265083554,1.1816452117984306,False,251,240.0,4.583333333333333,-0.3612824049851585,24.55853658760787,60,150.6,9.745866568789303,240,-0.32307690353375185
2263,uva,packing_C,T07,largo,23,G1,2.341820602381881,0.4152705265083554,1.1816452117984306,False,251,240.0,4.583333333333333,-0.3612824049851585,24.55853658760787,60,150.6,9.745866568789303,241,-0.2889662420109739
2263,uva,packing_C,T07,largo,23,G1,2.341820602381881,0.4152705265083554,1.1816452117984306,False,251,240.0,4.583333333333333,-0.3612824049851585,24.55853658760787,60,150.6,9.745866568789303,242,-0.18874276276298968
2263,uva,packing_C,T07,largo,23,G1,2.341820602381881,0.4152705265083554,1.1816452117984306,False,251,240.0,4.583333333333333,-0.3612824049851585,24.55853658760787,60,150.6,9.745866568789303,243,-0.039112644169058214
2263,uva,packing_C,T07,largo,23,G1,2.341820602381881,0.4152705265083554,1.1816452117984306,False,251,240.0,4.583333333333333,-0.3612824049851585,24.55853658760787,60,150.6,9.745866568789303,244,-0.010142723534454803
2263,uva,packing_C,T07,largo,23,G1,2.341820602381881,0.4152705265083554,1.1816452117984306,False,251,240.0,4.583333333333333,-0.3612824049851585,24.55853658760787,60,150.6,9.745866568789303,245,0.13959950384130176
2263,uva,packing_C,T07,largo,23,G1,2.341820602381881,0.4152705265083554,1.1816452117984306,False,251,240.0,4.583333333333333,-0.3612824049851585,24.55853658760787,60,150.6,9.745866568789303,246,0.1264137643501292
2263,uva,packing_C,T07,largo,23,G1,2.341820602381881,0.4152705265083554,1.1816452117984306,False,251,240.0,4.583333333333333,-0.3612824049851585,24.55853658760787,60,150.6,9.745866568789303,247,0.16835897039151848
2263,uva,packing_C,T07,largo,23,G1,2.341820602381881,0.4152705265083554,1.1816452117984306,False,251,240.0,4.583333333333333,-0.3612824049851585,24.55853658760787,60,150.6,9.745866568789303,248,0.2599457250134358
2263,uva,packing_C,T07,largo,23,G1,2.341820602381881,0.4152705265083554,1.1816452117984306,False,251,240.0,4.583333333333333,-0.3612824049851585,24.55853658760787,60,150.6,9.745866568789303,249,0.13641362852628294
2263,uva,packing_C,T07,largo,23,G1,2.341820602381881,0.4152705265083554,1.1816452117984306,False,251,240.0,4.583333333333333,-0.3612824049851585,24.55853658760787,60,150.6,9.745866568789303,250,-0.0842266977930326
